0.11	0.51	0.47	0.5	1	4
0.87	0.87	0.83	0.76	0.04	1
0.29	0.26	0.23	0.23	0.78	9
0.92	0.82	0.88	0.79	0.04	1
0.75	0.39	0.37	0.39	0.35	5
0	0	0	0	1	10
0.76	0.68	0.66	0.59	0.11	3
0.77	0.83	0.81	0.76	0.11	1
0.85	0.48	0.49	0.52	0.13	3
0.89	0.74	0.77	0.78	0.08	2
0.82	0.7	0.71	0.54	0.13	3
0.72	0.43	0.45	0.48	0.39	5
0.96	0.94	0.92	0.84	0.05	1
0.95	0.93	0.94	0.91	0.06	1
0.58	0.58	0.58	0.53	0.28	6
0.59	0.44	0.44	0.06	0.18	2
0.71	0.42	0.43	0.48	0.38	10
0.99	0.84	0.88	1	0.01	1
0.96	0.85	0.86	0.68	0.02	1
0.81	0.74	0.75	0.78	0.15	1
0	0.25	0.2	0.36	1	9
0.74	0.7	0.7	0.71	0.21	1
0.48	0.48	0.46	0.51	0.44	4
0.92	0.61	0.66	0.72	0.19	2
0	0	0	0	1	10
0.99	0.77	0.81	0.75	0.12	1
0.29	0.15	0.17	0.05	0.87	4
0.4	0.79	0.8	0.66	0.17	1
0.96	0.77	0.74	0.56	0.09	2
0.89	0.81	0.82	0.64	0.04	2
0.94	0.3	0.3	0.3	0.47	5
0.19	0.16	0.15	0.14	0.85	4
0.95	0.75	0.75	0.67	0.08	1
0.64	0.5	0.5	0.47	0.32	3
0.52	0.58	0.54	0.6	0.26	3
0.92	0.86	0.85	0.74	0.08	2
0.45	0.42	0.4	0.33	0.57	2
0.95	0.66	0.69	0.66	0.21	1
0.9	0.85	0.88	0.73	0.1	1
0.61	0.52	0.49	0.6	0.28	2
0.96	0.87	0.9	0.73	0.03	1
0.93	0.64	0.72	0.98	0.12	1
0.39	0.8	0.77	0.64	0.07	2
0.57	0.48	0.43	0.59	0.42	2
0.99	0.67	0.72	0.52	0.06	1
0.69	0.7	0.71	0.63	0.24	4
0.89	0.69	0.74	0.65	0.21	2
0.28	0.02	0	0	0.8	10
0.92	0.95	0.96	0.84	0.03	1
0.97	0.81	0.83	0.64	0.03	1
0.75	0.76	0.76	0.66	0.23	2
0.87	0.51	0.55	0.49	0.25	2
0.83	0.42	0.48	0.31	0.38	5
0.99	0.53	0.59	0.55	0.16	1
0.92	0.79	0.82	0.74	0.01	2
0.98	0.72	0.72	0.66	0.1	1
1	0.8	0.85	0.79	0.04	1
0.46	0.54	0.49	0.42	0.15	2
0.89	0.59	0.61	0.66	0.26	7
0.93	0.55	0.57	0.61	0.11	1
0.49	0.36	0.36	0.37	0.6	10
0.8	0.46	0.46	0.56	0.31	5
0.97	0.66	0.72	0.67	0.13	2
0.71	0.35	0.38	0.39	0.42	6
0.93	0.7	0.68	0.76	0.06	2
0.97	0.79	0.82	0.77	0.04	2
0.96	0.86	0.86	0.7	0.09	1
0.84	0.65	0.72	0.63	0.13	2
0.99	0.8	0.81	0.76	0.04	1
0.85	0.43	0.44	0.5	0.28	1
0.71	0.39	0.39	0.38	0.47	7
0.86	0.85	0.87	0.8	0.05	1
0.76	0.41	0.42	0.45	0.5	3
0.45	0.31	0.31	0.38	0.47	5
0.95	0.92	0.93	0.85	0.03	1
0.93	0.53	0.57	0.6	0.14	3
0.92	0.62	0.64	0.43	0.09	1
0.66	0.52	0.5	0.5	0.3	4
0.68	0.63	0.66	0.64	0.19	5
0.98	0.86	0.89	0.83	0.07	1
0.92	0.64	0.71	0.5	0.2	1
0.82	0.69	0.67	0.67	0.17	2
0.3	0.11	0.09	0.04	0.6	6
0.77	0.7	0.72	0.65	0.09	1
0.65	0.39	0.41	0.4	0.49	5
0.01	0	0	0	1	9
0.97	0.79	0.79	0.7	0.13	1
1	0.84	0.84	0.75	0.12	1
0.9	0.63	0.68	0.63	0.25	2
0.97	0.78	0.81	0.72	0.04	1
0.92	0.7	0.76	0.59	0.07	1
0.55	0.52	0.53	0.47	0.4	2
0.85	0.54	0.5	0.54	0.2	2
0.71	0.63	0.66	0.66	0.27	4
0.72	0.5	0.5	0.44	0.17	2
0.85	0.5	0.53	0.33	0.21	5
0.9	0.69	0.71	0.63	0.19	2
0.54	0.25	0.17	0.28	0.66	10
0.5	0.33	0.31	0.34	0.57	6
0.95	0.86	0.88	0.89	0.13	1
0.97	0.67	0.7	0.68	0.11	1
0.39	0.64	0.6	0.62	0.29	3
0.97	0.61	0.63	0.61	0.17	2
0.98	0.86	0.88	0.84	0.05	1
0.66	0.6	0.58	0.57	0.34	5
0.43	0.32	0.31	0.37	0.63	3
0	0	0	0	1	6
0.86	0.76	0.77	0.74	0.11	1
0.87	0.75	0.77	0.66	0.12	1
0.91	0.59	0.64	0.76	0.27	3
0.98	0.64	0.62	0.54	0.03	4
0.92	0.57	0.6	0.56	0.12	1
0.12	0.17	0.17	0.2	0.76	6
0.97	0.79	0.82	0.65	0.06	1
0.11	0.58	0.54	0.62	0.6	5
0.78	0.6	0.64	0.44	0.08	3
0.53	0.45	0.46	0.47	0.35	5
0.96	0.79	0.8	0.75	0.08	1
0.79	0.71	0.7	0.68	0.21	3
0.92	0.87	0.84	0.77	0.16	1
0.37	0.36	0.37	0.27	0.58	5
0.35	0.39	0.38	0.36	0.48	4
0.96	0.55	0.57	0.63	0.36	3
0.78	0.67	0.64	0.64	0.07	8
0.38	0.71	0.69	0.66	0.21	2
0.59	0.42	0.43	0.36	0.59	4
0.73	0.6	0.59	0.61	0.27	3
0.99	0.92	0.95	0.75	0	1
0.68	0.58	0.59	0.56	0.19	2
0.86	0.79	0.8	0.76	0.12	2
0.85	0.99	0.97	0.91	0.16	1
0.53	0.52	0.55	0.46	0.49	4
0.88	0.53	0.59	0.52	0.12	3
0.94	0.85	0.88	0.85	0.02	1
0.9	0.48	0.52	0.45	0.24	1
0.74	0.7	0.68	0.7	0.17	4
0.63	0.2	0.25	0.19	0.73	5
0.93	0.64	0.7	0.62	0.17	1
0.48	0.48	0.48	0.45	0.55	8
0.67	0.4	0.37	0.41	0.39	7
0.56	0.59	0.57	0.6	0.32	7
0.99	0.77	0.81	0.87	0.1	1
0.98	0.59	0.55	0.75	0.14	1
0.97	0.91	0.94	0.87	0.02	1
0.99	0.75	0.76	0.67	0.17	1
0.94	0.77	0.78	0.68	0.11	1
0.95	0.74	0.76	0.64	0.13	1
0.87	0.48	0.52	0.37	0.2	4
0.78	0.86	0.9	0.73	0.18	1
0.78	0.7	0.71	0.61	0.16	1
0.99	0.7	0.72	0.6	0.06	1
0.54	0.47	0.49	0.5	0.42	7
0.45	0.58	0.44	0.6	0.43	7
0.43	0.37	0.34	0.35	0.69	6
0.93	0.93	0.89	0.83	0.06	1
0.98	0.88	0.9	0.81	0.04	1
0.81	0.5	0.48	0.54	0.27	6
0.95	0.79	0.85	0.78	0.1	1
0.8	0.65	0.67	0.42	0.15	2
0.88	0.52	0.55	0.61	0.13	2
0.35	0.12	0.13	0.05	1	5
0.88	0.43	0.45	0.57	0.25	3
0	0	0	0.1	1	9
0.98	0.67	0.73	0.66	0.05	1
0.98	0.66	0.67	0.6	0.15	1
0.13	0.1	0.05	0.03	1	9
0.88	0.61	0.61	0.64	0.13	1
0.34	0.57	0.49	0.53	0.58	7
0.8	0.7	0.72	0.58	0.11	4
0.05	0.11	0.16	0.17	0.8	10
0.97	0.63	0.72	0.67	0.2	1
0.95	0.88	0.9	0.82	0.04	1
0.89	0.76	0.78	0.74	0.09	1
0.98	0.85	0.87	0.77	0.05	1
0.91	0.64	0.72	0.76	0.16	1
0.85	0.72	0.72	0.59	0.06	2
0.48	0.93	0.89	0.71	0.05	1
0.92	0.72	0.71	0.77	0.16	2
0.98	0.46	0.51	0.58	0.21	2
0.47	0.34	0.31	0.34	0.68	1
0.7	0.76	0.78	0.78	0.22	2
0.8	0.58	0.62	0.55	0.27	2
0.64	0.66	0.65	0.53	0.23	6
0.99	0.72	0.75	0.62	0.18	1
0.97	0.64	0.65	0.69	0.12	1
0.95	0.57	0.6	0.63	0.34	1
0.87	0.54	0.58	0.63	0.33	1
0.83	0.81	0.79	0.82	0.09	1
0.95	0.95	0.94	0.92	0.02	1
0.89	0.64	0.61	0.62	0.11	2
0.94	0.53	0.54	0.71	0.06	1
0.96	0.77	0.76	0.7	0.13	1
0.76	0.86	0.85	0.8	0.05	1
0.78	0.54	0.57	0.34	0.46	3
0.96	0.83	0.87	0.7	0.04	1
0.27	0.29	0.29	0.28	0.85	9
0.96	0.7	0.76	0.69	0.12	2
0.95	0.68	0.69	0.6	0.05	1
0.9	0.71	0.73	0.68	0.14	4
0.64	0.69	0.67	0.66	0.19	3
0.94	0.66	0.66	0.52	0.04	2
0.7	0.72	0.72	0.76	0.23	2
0.77	0.7	0.75	0.52	0.18	1
0.95	0.97	0.98	0.8	0.03	1
0.94	0.8	0.88	0.66	0.02	1
0.58	0.5	0.49	0.57	0.45	5
0.98	0.47	0.51	0.31	0.11	1
0.95	0.72	0.78	0.62	0.1	1
0.8	0.78	0.77	0.7	0.15	2
0.99	0.74	0.8	0.65	0.05	1
0.68	0.79	0.78	0.75	0.11	1
0.87	0.87	0.85	0.73	0.02	1
0.82	0.54	0.54	0.53	0.23	4
0.96	0.72	0.78	0.74	0.14	1
0.99	0.89	0.9	0.87	0.03	1
0.99	0.69	0.69	0.62	0.06	2
0.17	0.31	0.26	0.28	0.69	7
0.86	0.74	0.77	0.61	0.1	3
0.86	0.92	0.94	0.89	0.11	1
0.95	0.89	0.93	0.81	0.04	1
0.95	0.91	0.91	0.85	0.06	1
0.89	0.36	0.38	0.46	0.41	3
0.85	0.62	0.61	0.65	0.28	2
0.56	0.49	0.51	0.44	0.51	4
0.88	0.61	0.65	0.63	0.17	2
0.79	0.38	0.41	0.4	0.45	4
0.53	0.21	0.22	0.24	0.71	5
0.57	0.63	0.64	0.6	0.19	1
0.94	0.81	0.79	0.81	0.04	1
0.5	0.72	0.65	0.6	0.2	3
0.95	0.69	0.72	0.72	0.19	1
0.97	0.49	0.56	0.47	0.19	2
0.52	0.27	0.27	0.33	0.55	5
0.95	0.48	0.48	0.49	0.34	1
0.72	0.5	0.46	0.49	0.28	2
0.95	0.88	0.88	0.84	0.08	1
0.99	0.82	0.82	0.81	0.08	1
0.92	0.73	0.68	0.7	0.16	1
0.9	0.94	0.94	0.83	0.02	1
0.99	0.8	0.77	0.86	0.06	1
0.91	0.77	0.8	0.72	0.07	1
0.08	0.86	0.83	0.83	0.03	2
0.67	0.5	0.53	0.53	0.3	7
0.8	0.8	0.82	0.77	0.15	1
0.68	0.75	0.76	0.7	0.14	2
0.97	0.4	0.48	0.51	0.22	1
0.96	0.71	0.77	0.79	0.06	2
0.92	0.69	0.72	0.66	0.13	2
0.86	0.35	0.39	0.54	0.41	3
0.77	0.63	0.61	0.55	0.13	2
0	0.3	0.31	0.24	0.39	8
0.91	0.74	0.76	0.73	0.09	2
0.74	0.36	0.38	0.4	0.51	8
0.94	0.7	0.73	0.52	0.09	1
0.99	0.59	0.6	0.6	0.12	1
0.64	0.41	0.36	0.24	0.61	6
0.59	0.59	0.58	0.51	0.3	4
0.77	0.7	0.73	0.59	0.07	1
0.98	0.89	0.89	0.82	0.06	1
0.42	0.36	0.42	0.37	0.45	7
0.97	0.68	0.69	0.6	0.07	1
0.93	0.4	0.52	0.19	0.3	2
0.4	0.48	0.46	0.55	0.54	9
0.69	0.62	0.6	0.58	0.38	5
0.55	0.64	0.58	0.58	0.25	4
0.92	0.61	0.65	0.42	0.1	1
0.37	0.62	0.53	0.62	0.4	5
0.83	0.8	0.8	0.81	0.15	1
0.96	0.69	0.73	0.72	0.16	1
0.97	0.84	0.86	0.73	0.09	1
0.56	0.63	0.59	0.66	0.17	6
0.69	0.58	0.61	0.55	0.46	3
0.77	0.6	0.62	0.62	0.19	2
0.7	0.52	0.5	0.63	0.29	4
0.35	0.39	0.36	0.32	0.53	9
0.34	0.23	0.22	0.25	0.62	4
0.91	0.46	0.5	0.72	0.29	3
0.82	0.82	0.82	0.71	0.09	2
0.98	0.71	0.8	0.67	0.1	1
0.97	0.87	0.93	0.68	0.03	1
0.74	0.45	0.46	0.38	0.28	3
0.61	0.35	0.36	0.37	0.53	3
0.81	0.38	0.45	0.41	0.21	2
0.96	0.85	0.77	0.82	0.03	1
0.8	0.44	0.49	0.47	0.26	2
0.98	0.83	0.86	0.82	0.05	3
0.73	0.38	0.4	0.3	0.58	2
0.82	0.71	0.71	0.62	0.16	4
0.81	0.64	0.67	0.6	0.11	1
0.79	0.74	0.78	0.58	0.04	2
0.52	0.33	0.33	0.27	0.64	6
0.59	0.72	0.73	0.65	0.11	3
0.82	0.59	0.61	0.55	0.21	2
0.65	0.44	0.42	0.27	0.3	6
0.91	0.89	0.9	0.84	0.03	1
0.99	0.65	0.68	0.59	0.06	1
0.47	0.6	0.63	0.54	0.33	3
0.92	0.57	0.63	0.57	0.15	8
0.91	0.85	0.88	0.7	0.03	1
0.87	0.91	0.93	0.75	0.07	1
0.1	0.24	0.21	0.23	1	7
0.86	0.58	0.62	0.5	0.2	2
0.96	0.94	0.92	0.83	0.07	1
0.08	0.13	0.09	0	1	2
0.94	0.57	0.6	0.58	0.13	2
0.99	0.56	0.61	0.66	0.23	1
0.97	0.62	0.65	0.62	0.14	1
0.95	0.44	0.48	0.57	0.23	1
0	0.01	0	0.02	1	10
0.97	0.65	0.68	0.64	0.12	1
0.69	0.51	0.53	0.49	0.3	6
0.92	0.93	0.92	0.88	0.05	1
0.98	0.85	0.84	0.85	0.07	1
0.78	0.83	0.84	0.79	0.08	1
0.56	0.33	0.31	0.42	0.38	4
0.82	0.81	0.82	0.72	0.08	1
0.56	0.63	0.59	0.69	0.22	3
0.65	0.5	0.49	0.55	0.24	1
0.91	0.88	0.87	0.8	0.03	1
0.72	0.46	0.45	0.53	0.29	3
0.47	0.41	0.38	0.35	0.73	6
0.99	0.75	0.76	0.79	0.17	1
0.99	0.8	0.84	0.65	0.04	1
0.55	0.75	0.74	0.71	0.15	2
0.72	0.75	0.7	0.56	0.17	3
0.32	0.4	0.37	0.47	0.43	4
0.8	0.78	0.77	0.74	0.1	2
0.91	0.54	0.63	0.44	0.27	1
0.78	0.45	0.44	0.56	0.36	3
0.96	0.69	0.71	0.7	0.14	2
0.83	0.54	0.57	0.57	0.2	2
0.44	0.3	0.28	0.25	0.56	6
0.94	0.97	0.96	0.85	0.03	1
0.73	0.51	0.53	0.28	0.12	4
0.9	0.75	0.76	0.46	0.13	1
0.92	0.46	0.48	0.6	0.16	3
0.42	0.38	0.35	0.39	0.54	3
0.98	0.75	0.76	0.74	0.05	1
0.84	0.51	0.54	0.56	0.29	2
0.96	0.69	0.76	0.67	0.17	1
0.83	0.75	0.74	0.68	0.13	2
0.87	0.99	0.94	0.87	0.04	1
0.63	0.72	0.66	0.79	0.18	3
0.97	0.74	0.75	0.61	0.18	1
0.59	0.59	0.53	0.54	0.43	3
0.98	0.91	0.96	0.86	0.01	1
0.27	0.23	0.24	0.27	0.83	6
0.83	0.62	0.67	0.67	0.16	2
0.76	0.5	0.55	0.63	0.23	3
0.98	0.61	0.62	0.54	0.05	2
0.96	0.81	0.82	0.87	0.11	1
0.72	0.35	0.36	0.21	0.53	1
0.49	0.41	0.29	0.4	0.77	8
0.89	0.61	0.65	0.64	0.18	2
0.45	0.48	0.46	0.48	0.23	2
0.92	0.78	0.82	0.63	0.06	1
0.4	0.36	0.32	0.38	0.72	9
0.98	0.87	0.89	0.81	0.04	1
0.84	0.86	0.86	0.9	0.03	1
0.14	0.71	0.67	0.71	0.21	3
0.7	0.36	0.38	0.36	0.4	6
0.69	0.55	0.5	0.4	0.35	6
0.74	0.62	0.62	0.6	0.2	3
0.73	0.58	0.63	0.48	0.26	3
0.6	0.42	0.41	0.46	0.65	7
0.96	0.79	0.8	0.8	0.05	2
0.76	0.78	0.79	0.78	0.16	1
0.99	0.84	0.81	0.9	0.08	1
0.81	0.79	0.8	0.69	0.17	3
0.9	0.7	0.74	0.6	0.11	2
0.5	0.64	0.58	0.61	0.21	3
0.96	0.46	0.52	0.59	0.24	1
0.95	0.48	0.56	0.53	0.25	3
0.38	0.4	0.37	0.41	0.59	10
0.94	0.71	0.72	0.57	0.12	2
0.66	0.78	0.79	0.8	0.19	1
0.36	0.42	0.43	0.43	0.6	7
0.83	0.64	0.65	0.67	0.22	2
0.9	0.88	0.91	0.83	0.18	1
0.87	0.75	0.72	0.81	0.13	2
0.22	0.52	0.5	0.48	0.61	3
0.83	0.71	0.71	0.65	0.2	1
0.98	0.84	0.81	0.84	0.04	1
0.92	0.79	0.82	0.69	0.09	2
0.96	0.78	0.8	0.75	0.07	1
0.62	0.69	0.67	0.6	0.26	5
0.86	0.81	0.78	0.77	0.17	1
0.54	0.58	0.54	0.51	0.42	4
0.41	0.28	0.28	0.19	0.58	8
0.42	0.51	0.43	0.52	0.75	6
0.87	0.8	0.83	0.73	0.1	1
0.12	0	0	0.04	1	9
0.68	0.9	0.85	0.88	0.15	1
0.34	0.6	0.53	0.58	0.17	3
0.35	0.49	0.48	0.44	0.57	6
0.57	0.37	0.32	0.43	0.44	6
0.98	0.66	0.67	0.56	0.1	5
0.08	0	0	0	1	10
0.84	0.71	0.73	0.53	0.12	3
0.59	0.41	0.4	0.37	0.48	1
0	0.47	0.42	0.55	0.84	10
0.98	0.7	0.72	0.62	0.09	3
0.9	0.77	0.81	0.72	0.09	1
0.39	0.56	0.6	0.57	0.24	1
0.94	0.64	0.68	0.58	0.08	1
0.85	0.42	0.51	0.35	0.37	2
0.5	0.67	0.72	0.71	0.13	2
0.91	0.82	0.84	0.82	0.04	1
0.54	0.49	0.48	0.45	0.56	4
0.53	0.36	0.33	0.29	0.62	6
0.96	0.64	0.73	0.53	0.11	1
0.9	0.68	0.69	0.64	0.13	2
0	0.49	0.46	0.53	0.86	7
0.91	0.73	0.76	0.5	0.09	1
0.96	0.67	0.74	0.53	0.11	1
0.66	0.25	0.31	0.38	0.65	7
0.96	0.96	0.98	0.87	0.01	1
0.95	0.57	0.63	0.61	0.16	2
0.93	0.55	0.56	0.53	0.14	3
0.94	0.65	0.67	0.49	0.08	1
0.68	0.51	0.52	0.41	0.59	3
0.98	0.57	0.6	0.47	0.14	1
0.55	0.24	0.24	0.1	0.69	10
0.83	0.35	0.39	0.33	0.45	5
0.72	0.72	0.68	0.66	0.15	5
1	0.66	0.66	0.58	0.05	1
0.76	0.48	0.46	0.43	0.1	2
0.59	0.31	0.31	0.3	0.47	6
0.72	0.52	0.48	0.59	0.26	4
0.98	0.73	0.74	0.7	0.09	2
0.97	0.7	0.74	0.66	0.07	1
0.95	0.97	0.95	0.85	0.01	1
0.37	0.4	0.36	0.22	0.66	4
0.98	0.93	0.94	0.85	0.05	1
0.76	0.41	0.45	0.45	0.39	6
0.99	0.95	0.97	0.86	0.04	1
0.95	0.74	0.67	0.74	0.17	1
0.7	0.4	0.39	0.29	0.34	4
0.66	0.63	0.59	0.62	0.24	3
0.83	0.71	0.68	0.67	0.04	2
0.28	0.44	0.43	0.46	0.76	10
0.95	0.9	0.92	0.85	0.06	1
0.88	0.42	0.47	0.44	0.3	3
0.99	0.81	0.8	0.79	0.1	1
0.94	0.58	0.61	0.71	0.09	3
0.41	0.06	0.11	0.03	1	5
0.68	0.75	0.8	0.6	0.27	1
0.39	0.42	0.4	0.37	0.67	5
0.82	0.47	0.49	0.28	0.2	2
0.62	0.33	0.36	0.32	0.65	4
0.78	0.51	0.5	0.33	0.23	1
0.82	0.72	0.74	0.65	0.11	1
0.98	0.5	0.56	0.59	0.15	1
0.87	0.77	0.81	0.73	0.06	2
0.96	0.78	0.81	0.66	0.12	2
0.95	0.46	0.49	0.47	0.14	3
0.98	0.64	0.65	0.62	0.13	1
0.39	0.22	0.19	0.05	0.73	5
0.39	0.46	0.43	0.45	0.81	9
0.96	0.81	0.82	0.77	0.08	1
0.13	0.04	0.05	0.09	1	7
0.22	0.38	0.38	0.35	0.63	3
0.99	0.94	0.94	0.87	0.06	1
0.67	0.62	0.56	0.53	0.17	2
0.96	0.83	0.87	0.79	0.1	1
0.74	0.55	0.59	0.54	0.29	2
0.91	0.45	0.5	0.44	0.18	4
0.86	0.72	0.74	0.77	0.24	2
0.39	0.39	0.44	0.49	0.6	4
0.45	0.84	0.83	0.79	0.09	2
0.36	0.17	0.16	0.2	0.75	3
0.51	0.37	0.28	0.43	0.44	7
0.97	0.71	0.76	0.66	0.12	2
0.91	0.76	0.79	0.67	0.04	1
0.5	0.48	0.47	0.55	0.28	3
0.78	0.86	0.87	0.78	0.06	2
0.45	0.57	0.54	0.57	0.17	5
0.75	0.4	0.43	0.22	0.51	7
0.5	0.32	0.3	0.3	0.65	2
0.85	0.55	0.61	0.64	0.21	2
0.84	0.6	0.64	0.56	0.21	1
0.87	0.81	0.81	0.73	0.06	1
0.44	0.33	0.33	0.36	0.4	5
0.64	0.37	0.4	0.38	0.59	4
0.33	0.58	0.56	0.69	0.32	3
0.76	0.8	0.81	0.84	0.07	1
0.98	0.9	0.91	0.82	0.05	1
0.52	0.29	0.25	0.27	0.74	10
0.91	0.94	0.94	0.93	0.03	2
0.42	0.47	0.51	0.53	0.36	3
0.93	0.68	0.68	0.6	0.2	1
0.74	0.45	0.48	0.59	0.3	5
0.63	0.61	0.61	0.6	0.22	4
0.77	0.53	0.47	0.54	0.35	4
0.94	0.65	0.71	0.61	0.12	1
0.98	0.68	0.75	0.72	0.2	1
0.97	0.97	0.95	0.91	0.02	1
0.92	0.7	0.72	0.59	0.09	1
0.97	0.61	0.66	0.66	0.19	1
0.41	0.66	0.64	0.65	0.2	2
0.95	0.9	0.88	0.82	0.02	1
0.8	0.45	0.43	0.51	0.52	4
0.87	0.69	0.68	0.52	0.06	2
0.98	0.85	0.82	0.78	0.04	1
0.95	0.41	0.47	0.39	0.4	3
0.98	0.55	0.59	0.59	0.2	1
0.98	0.74	0.78	0.7	0.11	1
0.35	0.18	0.22	0.33	0.87	7
0.4	0.36	0.36	0.39	0.64	10
0.83	0.45	0.48	0.47	0.23	2
0.8	0.78	0.78	0.76	0.12	2
1	0.6	0.62	0.54	0.12	1
0.58	0.39	0.39	0.49	0.49	3
0.97	0.86	0.88	0.81	0.02	1
0.93	0.96	0.96	0.84	0.02	1
0.19	0.27	0.23	0.21	0.74	5
0.86	0.41	0.42	0.55	0.3	2
0.91	0.82	0.81	0.76	0.08	1
0.74	0.73	0.74	0.56	0.24	1
0.96	0.98	0.99	0.87	0	1
0.65	0.61	0.58	0.55	0.21	4
0.19	0.47	0.44	0.44	0.48	6
0.96	0.72	0.71	0.72	0.07	1
0.92	0.77	0.8	0.76	0.14	1
0.6	0.43	0.42	0.44	0.53	3
0.99	0.63	0.67	0.6	0.11	1
0.88	0.56	0.57	0.59	0.2	5
0.69	0.64	0.64	0.64	0.18	3
0.61	0.52	0.52	0.45	0.23	6
0.78	0.6	0.59	0.56	0.27	3
0.73	0.56	0.61	0.55	0.25	8
0.31	0.55	0.53	0.69	0.37	7
0.83	0.7	0.72	0.71	0.09	3
0.76	0.23	0.23	0.2	0.33	8
0.58	0.49	0.49	0.56	0.45	4
0.86	0.95	0.94	0.88	0	1
0.7	0.55	0.55	0.59	0.18	3
0.49	0.22	0.21	0.11	1	10
0.79	0.66	0.66	0.64	0.16	7
0.99	0.69	0.71	0.55	0.1	1
0.81	0.83	0.86	0.78	0.08	1
0.09	0.55	0.56	0.51	0.38	3
0.98	0.79	0.84	0.73	0.05	1
0.5	0.75	0.73	0.67	0.26	5
0.87	0.43	0.43	0.52	0.19	3
0.51	0.37	0.33	0.32	0.38	7
0.83	0.74	0.76	0.73	0.14	2
0.98	0.91	0.92	0.82	0.04	1
0.6	0.77	0.73	0.74	0.09	1
0.98	0.45	0.53	0.42	0.25	1
0.74	0.43	0.47	0.39	0.24	7
0.78	0.58	0.62	0.6	0.13	2
0.75	0.61	0.61	0.5	0.25	6
0.52	0.6	0.58	0.52	0.3	4
0.99	0.82	0.83	0.8	0.12	2
0.91	0.65	0.68	0.58	0.1	2
0.99	0.68	0.72	0.82	0.13	1
0.97	0.83	0.82	0.71	0.03	2
0.99	0.83	0.86	0.84	0.04	1
0.54	0.57	0.56	0.52	0.36	4
0.69	0.42	0.42	0.47	0.54	3
0.98	0.64	0.68	0.73	0.21	3
0.69	0.57	0.55	0.54	0.38	5
0.92	0.67	0.71	0.62	0.09	2
0.71	0.62	0.64	0.62	0.22	1
0.84	0.64	0.69	0.53	0.09	2
0.97	0.71	0.72	0.78	0.07	1
0.67	0.43	0.53	0.5	0.66	3
0.46	0.61	0.59	0.6	0.43	5
0.9	0.55	0.59	0.56	0.14	2
0.61	0.42	0.38	0.43	0.48	7
0.7	0.5	0.48	0.5	0.29	6
0.99	0.85	0.84	0.91	0.07	2
0.41	0.55	0.49	0.51	0.36	6
0.94	0.88	0.9	0.8	0.03	1
0	0	0	0	1	10
0.8	0.72	0.76	0.68	0.09	1
0.9	0.46	0.53	0.36	0.2	2
0.76	0.79	0.84	0.77	0.12	1
0.99	0.65	0.66	0.6	0.06	1
0.93	0.4	0.42	0.52	0.07	6
0.98	0.51	0.57	0.51	0.18	1
0.97	0.8	0.81	0.79	0.09	1
0.89	0.82	0.85	0.78	0.08	1
0.48	0.52	0.48	0.46	0.45	3
0.78	0.66	0.68	0.67	0.24	1
0.97	0.78	0.8	0.78	0.06	1
0.93	0.82	0.86	0.79	0.04	1
0.98	0.75	0.78	0.76	0.18	2
0.47	0.47	0.41	0.59	0.47	3
0.8	0.65	0.65	0.6	0.13	2
0.22	0.36	0.38	0.4	0.32	7
0.9	0.54	0.59	0.46	0.2	1
0.43	0.34	0.32	0.28	0.53	2
0.93	0.66	0.68	0.64	0.1	2
0.95	0.75	0.76	0.77	0.07	1
0.86	0.9	0.89	0.77	0.04	1
0.91	0.75	0.75	0.83	0.1	2
0.88	0.36	0.43	0.32	0.13	3
0.8	0.51	0.53	0.55	0.25	5
0.76	0.83	0.85	0.72	0.13	2
0.69	0.68	0.67	0.62	0.2	2
0.94	0.65	0.66	0.68	0.12	1
0.67	0.5	0.39	0.44	0.35	2
0.81	0.37	0.4	0.39	0.37	2
0.64	0.43	0.45	0.27	0.34	4
0.74	0.7	0.71	0.61	0.15	4
0.81	0.67	0.72	0.49	0.15	2
0.75	0.47	0.49	0.44	0.27	6
0.89	0.76	0.75	0.68	0.07	7
0.61	0.79	0.82	0.69	0.04	2
0.99	0.82	0.8	0.77	0.04	1
0.75	0.36	0.36	0.41	0.4	4
0.99	0.5	0.49	0.72	0.3	1
0.97	0.82	0.85	0.87	0.03	1
0.84	0.71	0.7	0.65	0.12	3
0.38	0.63	0.56	0.65	0.28	4
0.65	0.54	0.48	0.59	0.24	2
0.71	0.6	0.61	0.48	0.38	3
0.75	0.37	0.43	0.38	0.4	8
0.92	0.8	0.81	0.84	0.01	1
0.91	0.91	0.92	0.85	0.03	1
0.85	0.54	0.57	0.52	0.19	2
0.35	0.32	0.29	0.32	0.85	6
0.93	0.86	0.87	0.72	0.08	1
0.97	0.55	0.65	0.62	0.14	1
0.07	0.01	0	0.03	1	10
0.96	0.91	0.95	0.86	0.03	1
0.94	0.81	0.84	0.76	0.06	1
0.88	0.49	0.5	0.49	0.27	6
0.94	0.84	0.86	0.63	0.1	1
0.98	0.71	0.78	0.74	0.09	1
0.94	0.64	0.73	0.64	0.08	2
0.92	0.93	0.95	0.88	0.04	1
0	0.4	0.3	0.45	0.62	4
0.87	0.65	0.64	0.55	0.1	4
0.9	0.41	0.47	0.42	0.24	4
0.96	0.68	0.73	0.74	0.08	1
0.22	0.2	0.2	0.19	0.85	3
0.99	0.79	0.81	0.76	0.06	1
0.5	0.12	0.1	0	0.65	9
0.62	0.17	0.22	0.21	0.84	4
0.77	0.91	0.93	0.69	0.03	1
0.88	0.69	0.73	0.53	0.09	3
0.95	0.5	0.53	0.54	0.23	1
0.4	0.14	0.18	0.18	0.96	7
0.93	0.8	0.81	0.78	0.09	1
0	0.16	0.2	0.19	0.81	7
0.39	0.5	0.48	0.42	0.54	6
0.99	0.65	0.69	0.63	0.16	5
0.66	0.48	0.46	0.29	0.3	3
0.75	0.6	0.65	0.61	0.21	2
0.83	0.51	0.54	0.51	0.35	1
0.99	0.87	0.88	0.69	0.06	2
0.93	0.81	0.81	0.83	0.07	1
0.15	0.19	0.17	0.2	0.86	6
0.52	0.36	0.38	0.33	0.64	9
0.72	0.81	0.84	0.66	0.18	1
0.77	0.61	0.57	0.69	0.23	5
0.88	0.8	0.83	0.77	0.07	1
0.65	0.65	0.68	0.72	0.29	4
0.87	0.38	0.4	0.4	0.21	4
0.35	0.47	0.5	0.54	0.44	7
0.94	0.82	0.81	0.84	0.04	1
0.89	0.43	0.49	0.49	0.24	2
0.92	0.78	0.77	0.67	0.1	2
0.92	0.87	0.88	0.93	0.08	1
0.21	0.44	0.45	0.42	0.44	4
0.96	0.66	0.72	0.77	0.1	2
0.98	0.86	0.89	0.81	0.04	1
0.79	0.7	0.71	0.62	0.21	1
0.95	0.76	0.77	0.73	0.26	1
0.86	0.42	0.41	0.39	0.25	2
0.73	0.22	0.27	0.22	0.43	2
0.97	0.84	0.83	0.85	0.06	2
0.98	0.85	0.84	0.7	0.03	1
0.93	0.91	0.87	0.89	0.07	1
0.93	0.77	0.78	0.67	0.1	1
0.84	0.6	0.62	0.62	0.11	2
0.85	0.66	0.68	0.59	0.1	3
0.96	0.66	0.71	0.69	0.14	2
0.68	0.59	0.58	0.58	0.4	3
0.07	0.62	0.54	0.73	0.53	5
0.61	0.61	0.57	0.53	0.4	6
0.64	0.38	0.4	0.39	0.54	2
0.9	0.54	0.59	0.5	0.15	2
0.92	0.74	0.74	0.77	0.03	1
0.38	0.42	0.49	0.49	0.6	3
0.98	0.93	0.94	0.84	0.04	1
0.99	0.75	0.75	0.53	0.1	1
0.52	0.34	0.32	0.32	0.51	8
0.85	0.61	0.63	0.6	0.15	1
0.92	0.74	0.75	0.68	0.13	1
0.6	0.63	0.61	0.47	0.13	2
0.58	0.48	0.47	0.42	0.47	7
0.95	0.93	0.91	0.86	0.05	1
0.94	0.53	0.57	0.59	0.19	5
0.98	0.9	0.92	0.75	0.05	1
0.91	0.52	0.61	0.62	0.2	1
0.88	0.97	0.97	0.72	0.05	1
1	0.77	0.77	0.7	0.08	1
0.98	0.73	0.8	0.7	0.1	1
0.92	0.39	0.43	0.51	0.31	2
0.84	0.45	0.48	0.48	0.44	7
0.98	0.54	0.56	0.48	0.23	4
0.74	0.38	0.38	0.38	0.39	7
0.26	0.25	0.29	0.27	0.59	6
0.96	0.68	0.74	0.65	0.16	1
0.98	0.87	0.9	0.81	0.04	1
0.56	0.59	0.58	0.49	0.25	4
0.98	0.99	0.98	0.94	0.04	1
0.88	0.61	0.64	0.62	0.22	1
0.36	0.61	0.58	0.53	0.41	6
0.83	0.43	0.49	0.49	0.37	3
0.78	0.76	0.77	0.75	0.06	2
0.81	0.7	0.74	0.58	0.1	2
0.96	0.48	0.51	0.52	0.14	1
0.95	0.71	0.81	0.66	0.09	1
0.9	0.76	0.79	0.49	0.05	1
0.74	0.9	0.9	0.75	0.09	1
0.76	0.49	0.42	0.36	0.29	4
0.98	0.72	0.78	0.65	0.1	1
0.98	0.66	0.72	0.61	0.12	1
0.73	0.26	0.26	0.24	0.4	8
0.85	0.86	0.88	0.7	0.08	1
0.82	0.52	0.56	0.54	0.18	4
0.95	0.79	0.85	0.64	0.06	1
0.32	0.22	0.23	0.18	0.67	10
0.9	0.91	0.91	0.9	0.03	1
0.47	0.46	0.45	0.23	0.26	4
0.53	0.28	0.3	0.33	0.65	4
0.74	0.64	0.67	0.61	0.15	5
0.41	0.57	0.54	0.56	0.29	4
0.85	0.56	0.58	0.52	0.42	2
0.84	0.82	0.84	0.88	0.11	1
0.47	0.14	0.16	0.13	0.83	9
0.29	0.05	0.05	0	1	9
0.91	0.94	0.96	0.89	0.04	1
0.53	0.34	0.34	0.39	0.66	5
0.79	0.68	0.68	0.6	0.2	2
0.69	0.39	0.41	0.49	0.37	2
0.7	0.81	0.81	0.73	0.03	1
0.93	0.53	0.59	0.64	0.24	4
0.91	0.6	0.67	0.56	0.15	1
0.75	0.5	0.51	0.5	0.2	3
0.77	0.58	0.66	0.69	0.17	2
0.75	0.73	0.74	0.49	0.32	2
0.72	0.61	0.57	0.47	0.11	2
0.34	0.11	0.15	0.05	0.78	6
0.33	0.58	0.51	0.6	0.41	2
0.7	0.44	0.45	0.44	0.55	6
0.88	0.8	0.82	0.72	0.08	1
0.97	0.72	0.73	0.7	0.05	2
0.98	0.66	0.67	0.55	0.09	1
0.54	0.36	0.33	0.29	0.42	6
0.72	0.42	0.44	0.52	0.41	3
0.96	0.57	0.59	0.51	0.24	1
0.8	0.68	0.68	0.67	0.18	2
0.65	0.51	0.51	0.52	0.27	3
0.97	0.43	0.51	0.37	0.24	7
0.89	0.74	0.78	0.8	0.12	2
0.99	0.5	0.54	0.58	0.16	1
0.94	0.85	0.88	0.79	0.05	1
0.98	0.8	0.83	0.82	0.1	1
0.92	0.73	0.8	0.67	0.19	1
0.97	0.66	0.73	0.63	0.11	2
0.69	0.96	0.96	0.91	0.05	1
0.9	0.53	0.56	0.48	0.14	2
0.99	0.39	0.45	0.39	0.34	3
0.69	0.62	0.56	0.69	0.15	2
0.96	0.72	0.77	0.68	0.13	1
0.51	0.6	0.57	0.58	0.19	3
0.89	0.48	0.52	0.57	0.18	3
0.94	0.84	0.86	0.77	0.07	1
0.97	0.88	0.89	0.81	0.04	1
0.93	0.55	0.6	0.52	0.19	3
0.43	0.21	0.18	0.06	0.68	7
0.61	0.33	0.35	0.31	0.53	10
0.95	0.51	0.52	0.56	0.1	2
0.9	0.66	0.72	0.65	0.13	1
0.18	0.08	0.09	0.17	1	3
0.84	0.75	0.76	0.62	0.11	2
0.93	0.72	0.73	0.66	0.15	1
0.87	0.36	0.37	0.38	0.51	7
0.59	0.28	0.29	0.22	0.57	3
0.32	0.6	0.51	0.61	0.58	3
0.99	0.76	0.79	0.83	0.05	1
0.23	0.3	0.37	0.24	0.6	10
0.6	0.48	0.52	0.51	0.28	3
0.95	0.83	0.86	0.76	0.08	1
0.8	0.43	0.44	0.44	0.29	4
0.97	0.66	0.67	0.55	0.19	1
0.98	0.77	0.78	0.78	0.06	2
0.31	0.48	0.42	0.44	0.67	4
0.96	0.53	0.58	0.59	0.25	2
0.91	0.95	0.93	0.89	0.06	1
0.76	0.68	0.71	0.53	0.15	2
0.84	0.55	0.6	0.51	0.17	3
0.3	0.28	0.24	0.27	0.55	10
0.82	0.93	0.91	0.86	0.06	2
0.91	0.87	0.86	0.85	0.18	1
0.45	0.68	0.61	0.72	0.22	3
0.97	0.62	0.66	0.6	0.17	5
0.16	0.34	0.34	0.28	0.97	5
0.98	0.69	0.72	0.66	0.07	1
0	0.66	0.53	0.69	0.31	6
0.92	0.75	0.78	0.74	0.08	2
0.71	0.65	0.63	0.63	0.27	3
0.78	0.78	0.76	0.66	0.11	1
0.84	0.45	0.51	0.5	0.24	3
0.85	0.53	0.56	0.46	0.21	2
0.92	0.71	0.74	0.8	0.09	3
0.88	0.66	0.67	0.62	0.17	2
0.6	0.64	0.61	0.44	0.15	4
0.96	0.72	0.76	0.71	0.08	2
0.5	0.73	0.69	0.75	0.31	4
0.94	0.53	0.57	0.66	0.28	2
0.93	0.7	0.71	0.63	0.17	1
0.98	0.44	0.48	0.46	0.14	3
0.83	0.48	0.44	0.46	0.29	6
0.91	0.61	0.58	0.51	0.1	3
0.89	0.69	0.7	0.63	0.15	3
0.95	0.87	0.91	0.8	0.03	1
0.86	0.8	0.83	0.7	0.05	1
0.6	0.33	0.33	0.15	0.52	6
0.62	0.79	0.8	0.67	0.07	1
0.02	0.52	0.49	0.56	0.75	4
0.47	0.2	0.24	0.25	0.82	5
0.89	0.83	0.86	0.75	0.06	2
0.96	0.41	0.47	0.51	0.36	1
0.95	0.7	0.77	0.6	0.11	1
0.65	0.56	0.56	0.53	0.27	4
0.2	0.55	0.5	0.64	0.46	4
0.97	0.74	0.71	0.71	0.14	2
0.63	0.62	0.58	0.63	0.15	1
0.83	0.72	0.75	0.7	0.13	1
0.65	0.8	0.83	0.55	0.05	2
0	0.27	0.21	0.24	1	7
0.84	0.59	0.63	0.61	0.22	1
0.95	0.72	0.76	0.64	0.13	2
0.98	0.81	0.77	0.64	0.04	1
0.91	0.85	0.88	0.77	0.08	1
0.88	0.77	0.81	0.7	0.09	1
0.71	0.52	0.53	0.7	0.39	4
0.48	0.63	0.61	0.63	0.17	2
0.73	0.75	0.72	0.68	0.13	2
0.49	0.43	0.41	0.27	0.57	2
0.96	0.84	0.88	0.73	0.05	1
0.91	0.78	0.8	0.78	0.03	2
0.74	0.66	0.65	0.64	0.18	2
0.76	0.64	0.59	0.63	0.32	2
0.83	0.7	0.69	0.68	0.2	2
0.55	0.48	0.56	0.52	0.19	3
0.98	0.86	0.86	0.59	0.05	1
0.75	0.81	0.77	0.77	0.14	2
0.87	0.25	0.27	0.68	0.19	7
0.82	0.85	0.82	0.84	0.08	1
1	0.91	0.91	0.85	0.04	1
0.99	0.92	0.93	0.87	0.06	1
1	0.7	0.76	0.59	0.03	1
0	0.55	0.53	0.67	0.72	4
0.37	0.48	0.41	0.47	0.44	4
0.23	0.3	0.3	0.36	0.79	6
0.57	0.68	0.68	0.66	0.17	2
0.68	0.74	0.69	0.48	0.17	1
0.9	0.66	0.67	0.6	0.17	3
0.93	0.55	0.6	0.48	0.1	1
0.96	0.52	0.56	0.56	0.29	3
0.98	0.94	0.96	0.83	0.08	1
0.36	0.27	0.23	0.33	0.63	5
0.84	0.51	0.55	0.47	0.29	6
0.34	0.26	0.24	0.25	0.69	5
0.97	0.94	0.94	0.92	0.01	1
0.81	0.55	0.54	0.64	0.1	4
0.95	0.77	0.78	0.71	0.13	1
0.82	0.98	0.98	0.94	0.03	1
0.92	0.71	0.77	0.6	0.08	1
0.97	0.65	0.63	0.59	0.12	1
0.66	0.81	0.73	0.77	0.18	1
0.77	0.45	0.45	0.51	0.16	3
0.98	0.61	0.59	0.46	0.11	1
0.98	0.71	0.77	0.7	0.13	1
0.89	0.67	0.68	0.72	0.13	2
0.97	0.92	0.93	0.86	0.04	1
1	0.96	0.95	0.74	0.04	1
0.93	0.58	0.59	0.55	0.31	3
0.94	0.5	0.55	0.6	0.15	2
0.46	0.4	0.39	0.42	0.45	6
0.72	0.54	0.53	0.55	0.36	5
0.77	0.62	0.56	0.69	0.23	6
0.39	0.26	0.25	0.21	0.55	3
0.82	0.61	0.64	0.55	0.15	2
0	0.16	0.18	0.21	1	10
0.64	0.32	0.29	0.23	0.38	6
0.81	0.87	0.91	0.63	0.09	1
0.99	0.61	0.61	0.71	0.05	3
0.9	0.68	0.66	0.63	0.08	1
0.89	0.61	0.62	0.73	0.09	4
0.88	0.92	0.92	0.85	0.03	1
0.97	0.79	0.8	0.68	0.09	2
0.64	0.6	0.58	0.59	0.28	4
0.3	0.3	0.28	0.26	0.81	10
0.93	0.87	0.9	0.8	0.08	1
0.84	0.57	0.61	0.65	0.21	1
0.63	0.57	0.49	0.52	0.37	5
0.88	0.59	0.63	0.63	0.1	1
0.88	0.78	0.81	0.76	0.09	1
0.93	0.89	0.92	0.8	0.08	1
0.91	0.8	0.8	0.81	0.06	2
0.32	0.33	0.29	0.29	0.7	4
0.78	0.54	0.54	0.43	0.21	2
0.8	0.78	0.78	0.76	0.18	2
0.62	0.45	0.46	0.45	0.35	4
0.95	0.43	0.51	0.4	0.21	2
0.94	0.47	0.54	0.62	0.26	2
0.84	0.45	0.47	0.52	0.25	5
0.75	0.56	0.6	0.54	0.26	3
0.95	0.97	0.97	0.85	0.03	1
0.48	0.51	0.51	0.57	0.33	5
0.93	0.94	0.94	0.76	0.02	2
0.73	0.37	0.37	0.24	0.41	3
0.99	0.82	0.8	0.67	0.12	3
0.93	0.66	0.69	0.65	0.1	1
0.9	0.69	0.75	0.71	0.13	1
0.94	0.57	0.62	0.62	0.19	3
0.84	0.36	0.45	0.34	0.29	2
0.88	0.96	0.96	0.97	0.03	1
0.74	0.42	0.44	0.45	0.3	7
0.54	0.55	0.61	0.51	0.23	3
0.94	0.45	0.55	0.55	0.2	1
0.88	0.65	0.68	0.55	0.14	3
0.99	0.87	0.83	0.8	0.08	1
0.96	0.81	0.82	0.71	0.09	1
0.81	0.6	0.6	0.54	0.16	5
0.96	0.89	0.94	0.78	0.02	1
0.38	0.18	0.19	0.13	0.68	10
0.93	0.75	0.79	0.67	0.13	2
0.74	0.55	0.49	0.56	0.2	3
0.39	0.56	0.55	0.62	0.36	3
0.97	0.75	0.74	0.67	0.05	1
0.97	0.59	0.62	0.68	0.21	1
0.93	0.92	0.91	0.79	0.04	1
0.97	0.59	0.62	0.6	0.2	1
0.94	0.81	0.84	0.83	0.09	1
0.95	0.86	0.89	0.85	0.03	1
0.96	0.8	0.81	0.73	0.15	1
0.83	0.69	0.69	0.67	0.29	3
0.99	0.79	0.76	0.76	0.11	1
0.87	0.64	0.65	0.71	0.17	2
0.84	0.62	0.66	0.55	0.12	4
0.91	0.8	0.83	0.68	0.08	1
0.71	0.39	0.4	0.34	0.46	6
0.47	0.54	0.51	0.46	0.27	4
0.79	0.5	0.52	0.44	0.24	3
0.97	0.94	0.92	0.92	0.01	2
0.99	0.57	0.61	0.71	0.21	3
0.8	0.61	0.58	0.71	0.35	3
0.87	0.65	0.74	0.69	0.08	5
0.94	0.78	0.75	0.74	0.09	2
0.98	0.54	0.55	0.69	0.06	3
0.76	0.55	0.57	0.54	0.39	6
0.29	0.73	0.74	0.64	0.14	3
0.86	0.77	0.81	0.71	0.09	1
0.89	0.86	0.9	0.85	0.06	1
0.3	0.54	0.5	0.61	0.47	4
0.94	0.88	0.88	0.74	0.04	1
0.85	0.84	0.83	0.73	0.09	1
0.27	0.73	0.66	0.68	0.3	2
0.97	0.54	0.59	0.39	0.15	3
0.93	0.73	0.78	0.72	0.08	2
0.89	0.66	0.69	0.66	0.14	1
0.91	0.46	0.52	0.52	0.19	2
0	0.47	0.47	0.46	0.49	9
0.83	0.65	0.68	0.62	0.17	1
0.44	0.33	0.31	0.4	0.47	6
0.79	0.44	0.45	0.46	0.49	3
0.71	0.53	0.56	0.62	0.07	2
0.85	0.71	0.76	0.7	0.12	2
0.91	0.95	0.96	0.9	0.04	1
0.98	0.62	0.7	0.63	0.2	1
0.1	0.05	0.03	0.17	0.81	9
0.94	0.73	0.74	0.54	0.09	1
0.83	0.32	0.38	0.49	0.32	4
0.96	0.81	0.83	0.83	0.06	1
0.94	0.45	0.48	0.45	0.11	3
0.88	0.39	0.46	0.51	0.28	2
0.8	0.6	0.64	0.61	0.22	3
0.62	0.31	0.28	0.25	0.5	7
0.98	0.6	0.64	0.47	0.06	3
0.68	0.63	0.61	0.61	0.15	3
0.67	0.75	0.8	0.65	0.08	1
0.75	0.58	0.6	0.5	0.45	3
0.97	0.9	0.93	0.86	0.04	1
0.65	0.42	0.41	0.42	0.43	5
0.82	0.38	0.41	0.44	0.2	2
0.24	0.08	0.05	0.05	0.72	4
0.86	0.91	0.93	0.81	0.02	1
